-8.12566280600849 8.474904620732433 -1.8614323504543349
-7.793654295176055 6.485366425366761 -1.862722142724154
-7.195058600067098 4.780543828586108 -2.108670211713807
-6.842630246154794 3.1235034276729206 -1.8831751530537582
-5.966875551719257 1.3564299288704955 -1.5257616172179933
-4.837121044068688 -0.07360859028074739 1.0239827759191693
-3.4971098792802686 -0.854265534292099 1.8769285320508797
-2.0239742327315247 -1.501034220550301 2.9089032907248797
0.1356718542594323 -1.7867331094372172 2.9859428215040626
2.201396055603625 -1.125607553995235 2.4775265634733987
3.4321139588924527 -0.35175213305997566 1.2172994135505792
4.477041639988537 0.6205225905137597 -0.04241369126748795
4.988064084703033 2.014842182585987 -2.11868816490093
5.411298008797613 3.748835196659947 -2.620704684826503
5.992302369048559 5.445670728297987 -2.5203734605600907
6.367452494236952 7.206404972690433 -2.2371964056822153
6.27864071172457 9.207822751874644 -2.492329022325823
-6.360116065891318 10.50184126556544 3.2270991443933945
-5.489889821129143 11.255287591804079 4.137856811142414
-4.3657242350119505 11.474455241368577 4.831598186785894
-3.1980959073639665 11.374514461091948 5.098428020047258
-2.324250545244179 11.140939719134463 5.164375805783969
1.3111999949246511 11.25085205202304 4.842838926543209
2.0859341274572647 11.611191092179748 4.621628634839096
3.144925109779931 11.826906901464692 4.120148752318248
4.160924303803975 11.66821982286639 3.3872247752114855
4.904260569458402 11.074839607541216 2.2416951315099873
-0.42782398236547986 8.901608607263015 5.319558903304078
-0.40560304616979803 7.67606998875484 5.944413005224399
-0.1826629574619219 6.480150498836286 6.6465306675994
-0.2051724272308076 5.55248651110101 6.720429609516182
-1.2906284540564716 4.696685359118112 5.099253202936536
-0.8295312113833456 4.600398449710474 5.334438646871398
-0.13679151523625047 4.514612397945702 5.488134559108813
0.4618690774530255 4.662054544886666 5.253457620137512
0.8834634213132159 4.819440248343972 4.881435869366586
-4.78810125199063 8.832501983387557 3.7341005841073334
-4.05936884316847 9.269666912578304 4.282488350696517
-3.2711602810692217 9.283363318201541 4.239477421785328
-2.3846111825538165 8.876044727832259 4.0099252073421
-3.056098314140997 8.591197632394389 4.195152842092643
-4.037603331729382 8.515284369052617 4.058015538511818
1.3156120730589629 8.944882490395836 3.6651498348614004
2.180569722383617 9.58592163311634 3.865413896612214
3.058308682308619 9.648523936267482 3.694760103928241
3.610985577264299 9.236187424328026 2.9498433784424556
3.003015872584118 8.899271097252493 3.4192531130706905
2.1362344670984252 8.79329210994601 3.7237682635686467
-2.3916168561193123 2.157310123020809 4.266679589539269
-1.5740960285153887 2.8273957739194455 5.1439538379566665
-0.5336896549393353 3.333353838390321 5.466475612174298
-0.020350542420321957 3.224186144076237 5.5576892157675735
0.4920249756324114 3.3898876444675556 5.44091500738937
1.48256339062081 3.0543558778523447 4.90777365568902
2.207601453575956 2.6107058989606693 3.884550796338856
1.513716033252045 1.9150521622790624 4.599325919412852
0.8907891308988518 1.5326758864247485 4.926404628329031
0.06920254519294955 1.3143754340655565 5.023968846826923
-0.6992005375898468 1.3294512072993108 5.127788894910545
-1.530301827239598 1.6094630189282515 4.789121553985798
-2.2714972141678347 2.16479753302812 4.159719036866226
-0.6659607263089561 2.575530341620148 5.047574071376022
0.0017219040294123504 2.742030470209142 5.107219474942877
0.6072798062503976 2.7124453013916137 5.006266645292658
2.0998566191848624 2.6040934322487055 3.8958690859675125
0.6199819933315979 2.3957899622099235 5.035473767067346
0.018169480743094314 2.272257647147422 5.173369732504012
-0.6654504997802212 2.224282132195124 5.058275918668682
