97.35461015974371 -9.85926719670515 -112.43628814960395
87.1566376490358 10.275496859185063 -99.12114211200392
87.02466081259429 29.729546369928237 -99.00259386256758
88.80995736935378 48.522126228728794 -96.98755787273852
92.27476181852875 67.6236084239665 -88.7278380311789
111.76282653018542 88.4240571253681 -80.05224223973313
130.31622920410874 100.65354213021466 -70.82833579676112
147.64577651661824 112.56978635395386 -57.42798807007807
156.62584138525608 119.0778432722977 -37.015052381549985
154.07827112872783 115.84561287183341 -14.417584364881188
137.93164274809612 107.00440156241723 0.7736683061472256
120.85305609252914 96.05260301381173 15.348722379269716
100.47813869048458 81.47229697050092 27.792859683515378
90.73229351819423 61.08192335100941 35.08033140460093
89.95546847771439 43.95560752362 40.719826497706
93.38326094944011 25.234155181411822 47.773600054750936
93.96441415184998 4.4380758666582905 51.32088833965067
150.34411687445385 -17.3187679479191 -86.19934137054517
162.10545653919743 -22.628057946476197 -77.28341576576892
172.08019235255207 -23.379399090329677 -65.75925824808256
178.40558414456913 -20.974247818480954 -55.746864146235914
181.86921331418864 -17.50399056891063 -46.4176752556469
185.70460216798998 -14.059402653427128 -10.136362163377308
184.96315797661367 -14.423105783585475 0.05168367987313693
181.23294571807668 -13.965547177211322 9.797904558610472
174.9134451668252 -11.460140806104489 22.47241668237035
164.88116501875587 -3.989646468890704 30.958094640753004
185.21341563033994 7.769693308766131 -30.141598834510525
193.0070552572549 21.44008821294218 -31.17243108414393
199.29702935162632 34.80325905863123 -32.85286086393277
200.33479417394233 46.12659523083061 -33.12993784074189
175.78605563211158 50.6830917590286 -45.32574488975166
181.42774171858835 53.3629139264515 -40.1083813005958
182.73713943792686 54.901423513580376 -33.83587117969713
181.61179033211297 54.443411999769395 -26.496014404517943
179.0519701085425 52.87211984699839 -20.376152562415808
156.91806547450446 1.807876952844616 -73.75450484117589
165.2962598537855 1.6207498111593697 -67.08533844760788
166.88228534729674 2.553835045203764 -56.8073925942424
165.77184281972828 5.269703475057533 -49.16887161769403
166.8528861110634 7.255479438171967 -56.63396802956116
162.79331057317683 6.985338788749803 -67.17211530295363
170.10764747318973 8.910500543862419 -10.262296886046684
173.33199751117112 7.903592827279573 -1.2963498665626962
174.63576062203333 9.038787697683992 7.77835905600261
167.31128316300413 11.204374711030509 14.61267573020962
171.39058574443294 13.70423386576776 6.448905036468762
172.4907749924604 12.775476428767046 -2.4962931832627735
157.53463454471213 72.50245421827542 -61.66514846268561
168.91933183079897 71.69662328664938 -52.0620480978945
177.55107416339965 70.91586640451862 -39.739168459213765
178.81276257750076 72.02579343063728 -33.96956227134973
177.91418848159228 71.40144052263815 -28.09126524289563
172.7383202921695 74.19037380994303 -16.410100375851332
161.81162499015468 76.29834998576108 -4.360469427109686
172.58221284346834 80.584900515464 -16.426824991607223
175.16247205452393 82.38858819446493 -26.125588328729723
176.52540130596404 82.58148615379366 -34.07884914269276
173.71830732620128 81.67987999972479 -42.656694534361336
168.3766753631685 77.48680168345645 -51.358230402885184
158.58338989167612 72.72045667161282 -60.05727201496605
171.5825019512368 75.24679140421361 -42.16046687682594
174.3673338194169 76.4189564185879 -34.090615799055115
173.1015453076015 76.44850289156237 -26.370083242800835
163.28501905642676 75.79310632274371 -5.953543360269915
175.87473910625727 75.59804809986672 -26.251898254527273
174.91038770286457 74.9461520150279 -33.93570195366108
172.6145380748824 73.4524442358562 -41.57808131158492
