-8.005427 8.437161 -1.944813
-7.725722 6.432752 -1.905882
-7.099217 4.709381 -2.069243
-6.556635 3.251032 -1.94224
-5.628703 1.288901 -1.488383
-4.70241 0.140841 1.19009
-3.299601 -0.82831 1.745798
-1.946168 -1.258216 2.740078
0.055696 -1.670551 3.102591
2.24734 -1.05703 2.454159
3.396549 -0.389899 1.203357
4.478576 0.771581 0.01545
4.903707 2.201523 -2.015604
5.210224 3.821249 -2.698737
5.605355 5.720453 -2.530041
5.982061 7.462773 -2.355172
6.055573 9.158437 -2.421422
-6.148696 10.341702 3.162524
-5.445374 11.084139 4.014327
-4.342318 11.311244 4.772456
-3.204374 11.480776 5.211848
-2.351523 11.112333 5.383193
1.290191 11.060167 5.086655
2.096412 11.75438 4.719573
3.155207 11.908522 4.034389
4.047661 11.597965 3.364928
4.765306 10.986138 2.291915
-0.482364 8.902234 5.331756
-0.361132 7.725101 5.884449
-0.197625 6.41258 6.691054
-0.257585 5.574958 6.804928
-1.331609 4.637865 5.115181
-0.865309 4.611361 5.352835
-0.200387 4.569633 5.417816
0.401891 4.678427 5.221335
0.848263 4.8567 4.89259
-4.82725 8.889837 3.717331
-4.041311 9.306075 4.28565
-3.319122 9.328928 4.259778
-2.356565 8.910679 3.937116
-3.060977 8.433442 4.136967
-4.044327 8.393176 4.094721
1.226617 9.063234 3.543531
2.088848 9.596592 3.862012
3.048535 9.656252 3.70981
3.721284 9.153899 2.99245
3.17717 8.788683 3.542259
2.088876 8.747778 3.679684
-2.39927 2.160936 4.257104
-1.590412 2.84378 5.120627
-0.479262 3.347967 5.465744
0.013055 3.204007 5.451683
0.485342 3.367528 5.341521
1.46812 3.082481 4.845407
2.216653 2.573 3.862265
1.543847 1.94762 4.726483
0.958561 1.421247 4.949212
0.08816 1.292693 5.004582
-0.713161 1.288002 5.103032
-1.628946 1.628539 4.805072
-2.251453 2.166309 4.151881
-0.629284 2.504201 5.069135
0.014548 2.65209 5.139437
0.646978 2.708482 5.039799
2.071234 2.586736 3.890064
0.57313 2.366116 5.002395
-0.00738 2.199337 5.137408
-0.671471 2.240651 5.039852
16615 16184 1305 15836 7620 14530 13938 1945 6233 1336 5722 11341 5823 2244 11746 2220 12802 7803 7515 7218 2535 6819 6098 12695 13312 1823 1582 1530 2068 2044 5877 5944 11563 10821 10219 9507 20490 21711 20666 20858 20943 20422 18927 19236 19031 19923 19730 18971 11588 5214 9725 9359 9159 8771 1261 2812 5193 10959 11507 12118 11603 9469 9061 2255 4501 10132 2842 11123